0.7 0.2 4.94066e-324 0.25644 0.470999 0.641258 nan nan
0.80044 -0.60044 6.95258e-310 0.532963 0.470999 0.641258 nan nan
-0.635917 0.0354771 6.92745e-310 0.191275 0.470999 0.641258 nan nan
0.166159 -0.130682 0 0.0239549 0.470999 0.641258 nan nan
-0.231732 0.10105 7.42698e-314 0.0318405 0.470999 0.641258 nan nan
0.213032 -0.111982 6.95258e-310 0.0294165 0.470999 0.641258 nan nan
-0.178379 0.0663972 6.92745e-310 0.0178138 0.470999 0.641258 nan nan
0.132691 -0.0662939 0 0.0111111 0.470999 0.641258 nan nan
-0.110853 0.0445592 0 0.00706107 0.470999 0.641258 nan nan
0.0855725 -0.0410133 0 0.00452762 0.470999 0.641258 nan nan
-0.0703695 0.0293562 6.92745e-310 0.00288495 0.470999 0.641258 nan nan
0.0550352 -0.025679 0 0.00184945 0.470999 0.641258 nan nan
-0.0448116 0.0191326 0 0.00118054 0.470999 0.641258 nan nan
0.035337 -0.0162045 0 0.000756525 0.470999 0.641258 nan nan
-0.0285912 0.0123867 6.92745e-310 0.000483411 0.470999 0.641258 nan nan
0.0226642 -0.0102774 6.95258e-310 0.000309669 0.470999 0.641258 nan nan
-0.0182633 0.00798588 6.92745e-310 0.000197997 0.470999 0.641258 nan nan
0.0145254 -0.00653949 6.95258e-310 0.000126798 0.470999 0.641258 nan nan
-0.0116744 0.00513495 6.92745e-310 8.11023e-05 0.470999 0.641258 nan nan
0.00930469 -0.00416974 6.92745e-310 5.19272e-05 0.470999 0.641258 nan nan
-0.00746595 0.00329622 6.36608e-314 3.3221e-05 0.470999 0.641258 nan nan
0.0059585 -0.00266228 1.56449e-317 2.12673e-05 0.470999 0.641258 nan nan
-0.0047759 0.00211362 6.92745e-310 1.36079e-05 0.470999 0.641258 nan nan
0.00381488 -0.00170126 2.96439e-323 8.71058e-06 0.470999 0.641258 nan nan
-0.00305563 0.00135437 6.95258e-310 5.57394e-06 0.470999 0.641258 nan nan
0.00244212 -0.00108774 1.01728e-320 3.56773e-06 0.470999 0.641258 nan nan
-0.00195522 0.000867477 2.00978e-317 2.28313e-06 0.470999 0.641258 nan nan
0.0015632 -0.000695721 4.94066e-324 1.46131e-06 0.470999 0.641258 nan nan
-0.00125118 0.000555463 1.63971e-319 9.35184e-07 0.470999 0.641258 nan nan
0.00100055 -0.000445083 0 5.98546e-07 0.470999 0.641258 nan nan
-0.000800693 0.00035561 0 3.83055e-07 0.470999 0.641258 nan nan
0.000640391 -0.00028478 5.29417e-318 2.45163e-07 0.470999 0.641258 nan nan
-0.000512417 0.000227637 2.02369e-320 1.569e-07 0.470999 0.641258 nan nan
0.000409867 -0.000182229 1.03556e-320 1.00418e-07 0.470999 0.641258 nan nan
-0.000327936 0.000145707 6.92745e-310 6.42666e-08 0.470999 0.641258 nan nan
0.000262322 -0.000116615 7.01886e-316 4.11311e-08 0.470999 0.641258 nan nan
-0.000209875 9.32603e-05 6.92745e-310 2.63237e-08 0.470999 0.641258 nan nan
0.000167889 -7.46283e-05 0 1.68473e-08 0.470999 0.641258 nan nan
-0.000134318 5.96898e-05 6.92745e-310 1.07822e-08 0.470999 0.641258 nan nan
0.00010745 -4.77601e-05 2.54639e-315 6.90064e-09 0.470999 0.641258 nan nan
-8.59629e-05 3.82028e-05 6.92745e-310 4.41639e-09 0.470999 0.641258 nan nan
6.87684e-05 -3.05656e-05 0 2.8265e-09 0.470999 0.641258 nan nan
-5.50159e-05 2.44503e-05 4.10471e-314 1.80895e-09 0.470999 0.641258 nan nan
4.4012e-05 -1.95616e-05 0 1.15773e-09 0.470999 0.641258 nan nan
-3.52101e-05 1.56484e-05 6.92745e-310 7.40948e-10 0.470999 0.641258 nan nan
2.81677e-05 -1.25193e-05 6.92745e-310 4.74207e-10 0.470999 0.641258 nan nan
-2.25344e-05 1.00151e-05 0 3.03492e-10 0.470999 0.641258 nan nan
1.80274e-05 -8.0123e-06 6.92745e-310 1.94235e-10 0.470999 0.641258 nan nan
-1.4422e-05 6.40969e-06 2.122e-314 1.2431e-10 0.470999 0.641258 nan nan
1.15375e-05 -5.12785e-06 0 nan 0.470999 0.641258 nan nan
